0 0 0
0 1 1
0 2 1
0 3 1
0 4 1
0 5 1
0 6 1
0 7 1
0 8 0
0 9 1
0 10 1
0 11 0
0 12 1
0 13 0
0 14 1
0 15 1
0 16 1
0 17 1
0 18 1
0 19 0
0 20 1
0 21 0
0 22 1
0 23 1
0 24 1
0 25 1
0 26 1
0 27 0
0 28 1
0 29 0
0 30 1
0 31 1
0 32 1
0 33 1
0 34 1
0 35 1
0 36 1
0 37 1
0 38 0
0 39 1
0 40 1
0 41 0
0 42 1
0 43 1
0 44 1
0 45 1
0 46 0
0 47 1
0 48 1
0 49 1
0 50 1
0 51 1
0 52 1
0 53 1
0 54 1
0 55 1
0 56 1
0 57 0
0 58 1
0 59 1
0 60 1
0 61 0
0 62 1
0 63 1
0 64 1
0 65 1
0 66 1
0 67 0
0 68 1
0 69 1
0 70 1
0 71 1
0 72 1
0 73 0
0 74 1
0 75 1
0 76 1
0 77 1
0 78 1
0 79 1
0 80 0
0 81 1
0 82 1
0 83 1
0 84 1
0 85 1
0 86 1
0 87 1
0 88 1
0 89 0
0 90 1
0 91 1
0 92 0
0 93 1
0 94 1
0 95 1
0 96 1
0 97 0
0 98 1
0 99 1
0 100 0
0 101 1
0 102 1
0 103 1
0 104 0
0 105 1
0 106 0
0 107 1
0 108 1
0 109 1
0 110 0
0 111 1
0 112 1
0 113 1
0 114 0
0 115 1
0 116 1
0 117 1
0 118 1
0 119 0
0 120 1
0 121 1
0 122 0
0 123 1
0 124 1
0 125 1
0 126 0
0 127 1
1 0 2
1 1 1
1 2 1
1 3 0
1 4 1
1 5 0
1 6 3
1 7 2
1 8 1
1 9 3
1 10 2
1 11 3
1 12 2
1 13 1
1 14 2
1 15 0
1 16 1
1 17 3
1 18 2
1 19 2
1 20 2
1 21 3
1 22 0
1 23 1
1 24 0
1 25 3
1 26 0
1 27 3
1 28 2
1 29 3
1 30 0
1 31 1
1 32 1
1 33 1
1 34 0
1 35 3
1 36 0
1 37 1
1 38 1
1 39 1
1 40 3
1 41 2
1 42 2
1 43 0
1 44 0
1 45 3
1 46 0
1 47 1
1 48 2
1 49 0
1 50 1
1 51 2
1 52 2
1 53 2
1 54 0
1 55 1
1 56 1
1 57 3
1 58 1
1 59 2
1 60 2
1 61 1
1 62 3
1 63 0
1 64 1
1 65 1
1 66 2
1 67 1
1 68 2
1 69 0
1 70 1
1 71 0
1 72 3
1 73 0
1 74 1
1 75 1
1 76 1
1 77 2
1 78 2
1 79 1
1 80 3
1 81 0
1 82 1
1 83 1
1 84 1
1 85 1
1 86 2
1 87 2
1 88 2
1 89 1
1 90 2
1 91 2
1 92 2
1 93 1
1 94 0
1 95 3
1 96 2
1 97 1
1 98 2
1 99 2
1 100 2
1 101 0
1 102 1
1 103 2
1 104 3
1 105 2
1 106 2
1 107 0
1 108 1
1 109 2
1 110 2
1 111 0
1 112 3
1 113 2
1 114 1
1 115 0
1 116 3
1 117 0
1 118 3
1 119 1
1 120 3
1 121 2
1 122 1
1 123 2
1 124 0
1 125 1
1 126 3
1 127 2
2 0 0
2 1 1
2 2 3
2 3 2
2 4 1
2 5 2
2 6 1
2 7 1
2 8 1
2 9 1
2 10 0
2 11 1
2 12 1
2 13 2
2 14 0
2 15 3
2 16 0
2 17 1
2 18 2
2 19 2
2 20 1
2 21 0
2 22 3
2 23 2
2 24 2
2 25 0
2 26 2
2 27 1
2 28 0
2 29 1
2 30 2
2 31 1
2 32 2
2 33 1
2 34 2
2 35 1
2 36 2
2 37 0
2 38 1
2 39 1
2 40 1
2 41 1
2 42 2
2 43 2
2 44 3
2 45 0
2 46 3
2 47 2
2 48 0
2 49 3
2 50 2
2 51 1
2 52 2
2 53 0
2 54 3
2 55 1
2 56 1
2 57 0
2 58 1
2 59 2
2 60 1
2 61 0
2 62 1
2 63 2
2 64 1
2 65 2
2 66 1
2 67 2
2 68 3
2 69 2
2 70 2
2 71 2
2 72 0
2 73 3
2 74 0
2 75 1
2 76 2
2 77 1
2 78 1
2 79 1
2 80 0
2 81 3
2 82 0
2 83 1
2 84 0
2 85 2
2 86 1
2 87 2
2 88 1
2 89 2
2 90 1
2 91 2
2 92 0
2 93 3
2 94 2
2 95 0
2 96 1
2 97 3
2 98 2
2 99 0
2 100 3
2 101 2
2 102 2
2 103 1
2 104 0
2 105 3
2 106 2
2 107 0
2 108 3
2 109 2
2 110 2
2 111 2
2 112 1
2 113 0
2 114 3
2 115 2
2 116 2
2 117 0
2 118 1
2 119 0
2 120 1
2 121 1
2 122 2
2 123 2
2 124 3
2 125 1
2 126 0
2 127 2
3 0 2
3 1 1
3 2 0
3 3 3
3 4 2
3 5 1
3 6 1
3 7 0
3 8 1
3 9 3
3 10 2
3 11 2
3 12 1
3 13 3
3 14 2
3 15 1
3 16 0
3 17 3
3 18 2
3 19 1
3 20 2
3 21 1
3 22 2
3 23 2
3 24 2
3 25 2
3 26 1
3 27 2
3 28 1
3 29 2
3 30 1
3 31 2
3 32 1
3 33 2
3 34 1
3 35 2
3 36 3
3 37 2
3 38 2
3 39 1
3 40 0
3 41 2
3 42 2
3 43 2
3 44 0
3 45 3
3 46 0
3 47 2
3 48 3
3 49 0
3 50 1
3 51 3
3 52 2
3 53 3
3 54 0
3 55 1
3 56 1
3 57 3
3 58 2
3 59 0
3 60 3
3 61 2
3 62 1
3 63 1
3 64 2
3 65 2
3 66 1
3 67 1
3 68 3
3 69 2
3 70 2
3 71 2
3 72 1
3 73 2
3 74 3
3 75 2
3 76 0
3 77 0
3 78 1
3 79 2
3 80 3
3 81 0
3 82 3
3 83 2
3 84 3
3 85 0
3 86 2
3 87 2
3 88 2
3 89 0
3 90 2
3 91 2
3 92 3
3 93 0
3 94 3
3 95 2
3 96 0
3 97 1
3 98 3
3 99 2
3 100 0
3 101 3
3 102 0
3 103 3
3 104 2
3 105 1
3 106 3
3 107 3
3 108 0
3 109 3
3 110 2
3 111 1
3 112 2
3 113 1
3 114 2
3 115 2
3 116 0
3 117 3
3 118 2
3 119 2
3 120 2
3 121 1
3 122 2
3 123 1
3 124 0
3 125 3
3 126 3
3 127 2
4 0 0
4 1 2
4 2 1
4 3 2
4 4 1
4 5 2
4 6 0
4 7 3
4 8 2
4 9 0
4 10 1
4 11 1
4 12 1
4 13 2
4 14 1
4 15 3
4 16 2
4 17 1
4 18 0
4 19 3
4 20 2
4 21 2
4 22 2
4 23 2
4 24 3
4 25 3
4 26 0
4 27 1
4 28 3
4 29 2
4 30 1
4 31 1
4 32 3
4 33 0
4 34 2
4 35 1
4 36 1
4 37 3
4 38 1
4 39 2
4 40 2
4 41 2
4 42 3
4 43 2
4 44 2
4 45 0
4 46 3
4 47 1
4 48 1
4 49 2
4 50 1
4 51 0
4 52 1
4 53 1
4 54 3
4 55 0
4 56 1
4 57 1
4 58 2
4 59 2
4 60 1
4 61 1
4 62 2
4 63 0
4 64 3
4 65 0
4 66 1
4 67 0
4 68 1
4 69 3
4 70 2
4 71 1
4 72 2
4 73 1
4 74 1
4 75 2
4 76 2
4 77 2
4 78 2
4 79 1
4 80 1
4 81 3
4 82 0
4 83 1
4 84 3
4 85 3
4 86 2
4 87 1
4 88 3
4 89 2
4 90 3
4 91 2
4 92 1
4 93 2
4 94 0
4 95 3
4 96 3
4 97 0
4 98 1
4 99 2
4 100 2
4 101 1
4 102 1
4 103 1
4 104 1
4 105 1
4 106 1
4 107 0
4 108 3
4 109 0
4 110 3
4 111 0
4 112 1
4 113 2
4 114 2
4 115 2
4 116 2
4 117 1
4 118 2
4 119 2
4 120 0
4 121 3
4 122 1
4 123 2
4 124 1
4 125 0
4 126 1
4 127 3
5 0 2
5 1 1
5 2 2
5 3 0
5 4 1
5 5 3
5 6 2
5 7 2
5 8 0
5 9 3
5 10 0
5 11 1
5 12 2
5 13 1
5 14 1
5 15 1
5 16 2
5 17 2
5 18 3
5 19 0
5 20 1
5 21 3
5 22 2
5 23 0
5 24 1
5 25 1
5 26 3
5 27 0
5 28 1
5 29 1
5 30 1
5 31 2
5 32 0
5 33 3
5 34 0
5 35 0
5 36 1
5 37 1
5 38 0
5 39 3
5 40 2
5 41 1
5 42 1
5 43 2
5 44 3
5 45 2
5 46 0
5 47 1
5 48 1
5 49 1
5 50 2
5 51 1
5 52 3
5 53 0
5 54 1
5 55 1
5 56 1
5 57 3
5 58 2
5 59 1
5 60 2
5 61 2
5 62 2
5 63 2
5 64 1
5 65 1
5 66 3
5 67 2
5 68 1
5 69 1
5 70 0
5 71 3
5 72 0
5 73 1
5 74 2
5 75 3
5 76 2
5 77 3
5 78 2
5 79 0
5 80 1
5 81 1
5 82 1
5 83 1
5 84 0
5 85 1
5 86 1
5 87 0
5 88 1
5 89 3
5 90 0
5 91 1
5 92 0
5 93 3
5 94 2
5 95 0
5 96 0
5 97 3
5 98 2
5 99 3
5 100 2
5 101 1
5 102 1
5 103 0
5 104 1
5 105 1
5 106 2
5 107 2
5 108 1
5 109 2
5 110 1
5 111 2
5 112 2
5 113 3
5 114 2
5 115 3
5 116 0
5 117 3
5 118 2
5 119 2
5 120 2
5 121 0
5 122 1
5 123 1
5 124 2
5 125 3
5 126 0
5 127 2
6 0 0
6 1 3
6 2 2
6 3 2
6 4 0
6 5 1
6 6 2
6 7 1
6 8 2
6 9 1
6 10 1
6 11 3
6 12 1
6 13 0
6 14 1
6 15 3
6 16 2
6 17 1
6 18 1
6 19 1
6 20 2
6 21 1
6 22 0
6 23 3
6 24 0
6 25 1
6 26 0
6 27 1
6 28 3
6 29 0
6 30 3
6 31 2
6 32 3
6 33 2
6 34 3
6 35 2
6 36 1
6 37 2
6 38 3
6 39 0
6 40 1
6 41 2
6 42 1
6 43 0
6 44 1
6 45 2
6 46 3
6 47 1
6 48 1
6 49 2
6 50 0
6 51 1
6 52 1
6 53 2
6 54 1
6 55 1
6 56 0
6 57 3
6 58 0
6 59 3
6 60 0
6 61 3
6 62 2
6 63 1
6 64 1
6 65 1
6 66 3
6 67 1
6 68 1
6 69 2
6 70 2
6 71 0
6 72 3
6 73 2
6 74 1
6 75 1
6 76 1
6 77 1
6 78 2
6 79 2
6 80 1
6 81 0
6 82 1
6 83 2
6 84 3
6 85 2
6 86 2
6 87 2
6 88 1
6 89 1
6 90 2
6 91 2
6 92 3
6 93 0
6 94 2
6 95 2
6 96 2
6 97 1
6 98 1
6 99 0
6 100 1
6 101 1
6 102 2
6 103 1
6 104 2
6 105 1
6 106 2
6 107 0
6 108 3
6 109 0
6 110 3
6 111 2
6 112 1
6 113 1
6 114 0
6 115 1
6 116 2
6 117 0
6 118 2
6 119 1
6 120 2
6 121 3
6 122 2
6 123 2
6 124 1
6 125 0
6 126 3
6 127 3
7 0 2
7 1 2
7 2 2
7 3 2
7 4 3
7 5 2
7 6 1
7 7 2
7 8 1
7 9 1
7 10 1
7 11 1
7 12 3
7 13 2
7 14 1
7 15 2
7 16 0
7 17 1
7 18 1
7 19 2
7 20 1
7 21 3
7 22 2
7 23 0
7 24 3
7 25 2
7 26 2
7 27 0
7 28 0
7 29 3
7 30 0
7 31 1
7 32 1
7 33 1
7 34 2
7 35 1
7 36 2
7 37 0
7 38 1
7 39 3
7 40 2
7 41 0
7 42 3
7 43 2
7 44 2
7 45 3
7 46 1
7 47 0
7 48 1
7 49 2
7 50 3
7 51 2
7 52 2
7 53 1
7 54 2
7 55 2
7 56 2
7 57 1
7 58 2
7 59 1
7 60 2
7 61 1
7 62 0
7 63 1
7 64 1
7 65 1
7 66 0
7 67 1
7 68 3
7 69 2
7 70 2
7 71 1
7 72 0
7 73 1
7 74 2
7 75 0
7 76 1
7 77 2
7 78 2
7 79 1
7 80 3
7 81 2
7 82 2
7 83 0
7 84 1
7 85 3
7 86 0
7 87 1
7 88 1
7 89 2
7 90 2
7 91 1
7 92 0
7 93 3
7 94 3
7 95 3
7 96 0
7 97 1
7 98 2
7 99 1
7 100 2
7 101 1
7 102 1
7 103 3
7 104 1
7 105 3
7 106 2
7 107 2
7 108 1
7 109 3
7 110 0
7 111 1
7 112 0
7 113 2
7 114 3
7 115 2
7 116 3
7 117 3
7 118 0
7 119 3
7 120 2
7 121 1
7 122 2
7 123 0
7 124 3
7 125 2
7 126 0
7 127 1
8 0 2
8 1 1
8 2 3
8 3 2
8 4 1
8 5 0
8 6 3
8 7 0
8 8 1
8 9 1
8 10 1
8 11 1
8 12 1
8 13 1
8 14 2
8 15 2
8 16 2
8 17 0
8 18 2
8 19 2
8 20 0
8 21 1
8 22 3
8 23 2
8 24 0
8 25 3
8 26 2
8 27 2
8 28 2
8 29 1
8 30 0
8 31 1
8 32 1
8 33 2
8 34 1
8 35 3
8 36 2
8 37 1
8 38 0
8 39 3
8 40 2
8 41 3
8 42 2
8 43 2
8 44 0
8 45 1
8 46 0
8 47 3
8 48 2
8 49 1
8 50 1
8 51 2
8 52 1
8 53 2
8 54 1
8 55 3
8 56 0
8 57 3
8 58 0
8 59 3
8 60 0
8 61 3
8 62 2
8 63 1
8 64 0
8 65 3
8 66 2
8 67 0
8 68 1
8 69 3
8 70 0
8 71 2
8 72 3
8 73 2
8 74 2
8 75 1
8 76 2
8 77 3
8 78 1
8 79 1
8 80 2
8 81 3
8 82 2
8 83 2
8 84 1
8 85 0
8 86 3
8 87 0
8 88 2
8 89 2
8 90 1
8 91 2
8 92 1
8 93 1
8 94 1
8 95 2
8 96 1
8 97 3
8 98 0
8 99 3
8 100 2
8 101 0
8 102 1
8 103 1
8 104 1
8 105 1
8 106 2
8 107 1
8 108 1
8 109 1
8 110 3
8 111 2
8 112 3
8 113 1
8 114 0
8 115 0
8 116 1
8 117 1
8 118 3
8 119 0
8 120 1
8 121 1
8 122 2
8 123 1
8 124 2
8 125 2
8 126 1
8 127 3
9 0 2
9 1 0
9 2 1
9 3 1
9 4 1
9 5 3
9 6 2
9 7 1
9 8 1
9 9 2
9 10 1
9 11 1
9 12 0
9 13 3
9 14 2
9 15 0
9 16 3
9 17 2
9 18 2
9 19 1
9 20 2
9 21 1
9 22 0
9 23 3
9 24 2
9 25 1
9 26 3
9 27 2
9 28 1
9 29 2
9 30 3
9 31 0
9 32 2
9 33 2
9 34 0
9 35 1
9 36 1
9 37 2
9 38 2
9 39 0
9 40 3
9 41 0
9 42 1
9 43 3
9 44 2
9 45 2
9 46 2
9 47 0
9 48 1
9 49 1
9 50 3
9 51 2
9 52 2
9 53 1
9 54 2
9 55 0
9 56 1
9 57 1
9 58 2
9 59 0
9 60 3
9 61 1
9 62 1
9 63 3
9 64 2
9 65 2
9 66 0
9 67 3
9 68 0
9 69 1
9 70 3
9 71 1
9 72 0
9 73 3
9 74 2
9 75 2
9 76 1
9 77 0
9 78 1
9 79 2
9 80 1
9 81 1
9 82 1
9 83 0
9 84 3
9 85 2
9 86 0
9 87 3
9 88 2
9 89 1
9 90 2
9 91 1
9 92 2
9 93 1
9 94 2
9 95 1
9 96 0
9 97 1
9 98 2
9 99 1
9 100 1
9 101 2
9 102 0
9 103 1
9 104 1
9 105 2
9 106 2
9 107 1
9 108 2
9 109 0
9 110 1
9 111 0
9 112 1
9 113 2
9 114 2
9 115 2
9 116 0
9 117 1
9 118 0
9 119 3
9 120 1
9 121 2
9 122 1
9 123 3
9 124 0
9 125 1
9 126 1
9 127 3
10 0 2
10 1 1
10 2 2
10 3 0
10 4 1
10 5 1
10 6 1
10 7 1
10 8 2
10 9 1
10 10 1
10 11 2
10 12 1
10 13 2
10 14 2
10 15 3
10 16 0
10 17 3
10 18 1
10 19 2
10 20 1
10 21 3
10 22 2
10 23 1
10 24 0
10 25 1
10 26 0
10 27 1
10 28 3
10 29 1
10 30 1
10 31 3
10 32 2
10 33 0
10 34 3
10 35 0
10 36 3
10 37 3
10 38 2
10 39 1
10 40 2
10 41 2
10 42 0
10 43 1
10 44 2
10 45 2
10 46 2
10 47 1
10 48 1
10 49 2
10 50 0
10 51 3
10 52 0
10 53 3
10 54 0
10 55 3
10 56 1
10 57 2
10 58 2
10 59 2
10 60 1
10 61 1
10 62 0
10 63 0
10 64 3
10 65 0
10 66 3
10 67 0
10 68 1
10 69 1
10 70 1
10 71 2
10 72 2
10 73 1
10 74 1
10 75 2
10 76 2
10 77 3
10 78 2
10 79 1
10 80 1
10 81 0
10 82 3
10 83 2
10 84 2
10 85 2
10 86 2
10 87 2
10 88 1
10 89 2
10 90 1
10 91 3
10 92 0
10 93 3
10 94 1
10 95 2
10 96 3
10 97 2
10 98 1
10 99 1
10 100 2
10 101 3
10 102 2
10 103 0
10 104 3
10 105 2
10 106 0
10 107 3
10 108 0
10 109 3
10 110 2
10 111 0
10 112 3
10 113 2
10 114 2
10 115 2
10 116 2
10 117 2
10 118 3
10 119 0
10 120 3
10 121 0
10 122 1
10 123 1
10 124 3
10 125 1
10 126 1
10 127 0
11 0 0
11 1 2
11 2 2
11 3 2
11 4 1
11 5 1
11 6 0
11 7 2
11 8 0
11 9 1
11 10 2
11 11 1
11 12 2
11 13 1
11 14 1
11 15 1
11 16 1
11 17 1
11 18 3
11 19 1
11 20 0
11 21 1
11 22 1
11 23 3
11 24 2
11 25 2
11 26 3
11 27 2
11 28 1
11 29 0
11 30 3
11 31 0
11 32 3
11 33 2
11 34 1
11 35 1
11 36 1
11 37 1
11 38 2
11 39 2
11 40 1
11 41 3
11 42 3
11 43 2
11 44 1
11 45 2
11 46 1
11 47 0
11 48 3
11 49 2
11 50 1
11 51 1
11 52 2
11 53 1
11 54 2
11 55 0
11 56 1
11 57 3
11 58 2
11 59 1
11 60 0
11 61 3
11 62 3
11 63 2
11 64 0
11 65 3
11 66 1
11 67 1
11 68 2
11 69 0
11 70 2
11 71 3
11 72 0
11 73 1
11 74 3
11 75 2
11 76 0
11 77 1
11 78 2
11 79 0
11 80 3
11 81 2
11 82 0
11 83 3
11 84 2
11 85 2
11 86 1
11 87 2
11 88 2
11 89 1
11 90 0
11 91 1
11 92 3
11 93 0
11 94 1
11 95 1
11 96 1
11 97 0
11 98 1
11 99 2
11 100 1
11 101 1
11 102 3
11 103 1
11 104 1
11 105 3
11 106 3
11 107 0
11 108 3
11 109 0
11 110 3
11 111 2
11 112 1
11 113 3
11 114 3
11 115 2
11 116 2
11 117 0
11 118 1
11 119 2
11 120 1
11 121 3
11 122 0
11 123 1
11 124 1
11 125 0
11 126 3
11 127 2
12 0 2
12 1 2
12 2 3
12 3 2
12 4 0
12 5 2
12 6 2
12 7 3
12 8 0
12 9 3
12 10 1
12 11 2
12 12 2
12 13 0
12 14 1
12 15 3
12 16 0
12 17 1
12 18 1
12 19 2
12 20 1
12 21 2
12 22 2
12 23 0
12 24 1
12 25 1
12 26 1
12 27 2
12 28 2
12 29 1
12 30 1
12 31 3
12 32 0
12 33 3
12 34 1
12 35 0
12 36 1
12 37 2
12 38 1
12 39 1
12 40 2
12 41 0
12 42 1
12 43 0
12 44 3
12 45 3
12 46 0
12 47 3
12 48 0
12 49 0
12 50 1
12 51 2
12 52 1
12 53 2
12 54 3
12 55 2
12 56 1
12 57 2
12 58 1
12 59 2
12 60 1
12 61 1
12 62 1
12 63 2
12 64 3
12 65 0
12 66 1
12 67 2
12 68 3
12 69 2
12 70 3
12 71 0
12 72 3
12 73 0
12 74 0
12 75 3
12 76 2
12 77 2
12 78 1
12 79 3
12 80 0
12 81 2
12 82 1
12 83 3
12 84 2
12 85 1
12 86 2
12 87 1
12 88 3
12 89 2
12 90 1
12 91 1
12 92 0
12 93 3
12 94 0
12 95 1
12 96 2
12 97 2
12 98 2
12 99 1
12 100 1
12 101 1
12 102 2
12 103 1
12 104 0
12 105 0
12 106 1
12 107 3
12 108 0
12 109 2
12 110 1
12 111 2
12 112 1
12 113 1
12 114 0
12 115 3
12 116 0
12 117 3
12 118 2
12 119 1
12 120 1
12 121 1
12 122 3
12 123 0
12 124 3
12 125 2
12 126 0
12 127 3
13 0 2
13 1 1
13 2 1
13 3 2
13 4 3
13 5 2
13 6 2
13 7 0
13 8 3
13 9 1
13 10 2
13 11 2
13 12 1
13 13 3
13 14 0
13 15 1
13 16 2
13 17 2
13 18 1
13 19 0
13 20 3
13 21 2
13 22 2
13 23 3
13 24 0
13 25 1
13 26 2
13 27 2
13 28 0
13 29 1
13 30 1
13 31 1
13 32 1
13 33 0
13 34 3
13 35 1
13 36 3
13 37 0
13 38 1
13 39 2
13 40 1
13 41 3
13 42 2
13 43 1
13 44 1
13 45 2
13 46 2
13 47 1
13 48 2
13 49 3
13 50 2
13 51 1
13 52 2
13 53 2
13 54 0
13 55 1
13 56 3
13 57 0
13 58 2
13 59 0
13 60 1
13 61 1
13 62 2
13 63 1
13 64 1
13 65 2
13 66 2
13 67 1
13 68 0
13 69 1
13 70 1
13 71 3
13 72 0
13 73 3
13 74 3
13 75 1
13 76 2
13 77 0
13 78 1
13 79 1
13 80 3
13 81 1
13 82 0
13 83 1
13 84 0
13 85 3
13 86 0
13 87 1
13 88 1
13 89 0
13 90 1
13 91 2
13 92 2
13 93 1
13 94 2
13 95 2
13 96 2
13 97 3
13 98 0
13 99 0
13 100 1
13 101 2
13 102 1
13 103 2
13 104 3
13 105 2
13 106 0
13 107 1
13 108 3
13 109 0
13 110 2
13 111 0
13 112 3
13 113 0
13 114 3
13 115 2
13 116 2
13 117 1
13 118 0
13 119 1
13 120 0
13 121 1
13 122 0
13 123 3
13 124 0
13 125 3
13 126 3
13 127 2
14 0 2
14 1 2
14 2 0
14 3 3
14 4 0
14 5 3
14 6 2
14 7 1
14 8 2
14 9 2
14 10 2
14 11 1
14 12 1
14 13 1
14 14 2
14 15 1
14 16 2
14 17 0
14 18 3
14 19 2
14 20 0
14 21 2
14 22 0
14 23 1
14 24 3
14 25 2
14 26 2
14 27 2
14 28 3
14 29 0
14 30 1
14 31 1
14 32 2
14 33 1
14 34 1
14 35 2
14 36 0
14 37 3
14 38 2
14 39 1
14 40 1
14 41 1
14 42 2
14 43 0
14 44 3
14 45 0
14 46 1
14 47 3
14 48 2
14 49 0
14 50 1
14 51 2
14 52 3
14 53 2
14 54 2
14 55 1
14 56 0
14 57 3
14 58 3
14 59 2
14 60 0
14 61 3
14 62 0
14 63 1
14 64 2
14 65 2
14 66 0
14 67 3
14 68 3
14 69 0
14 70 1
14 71 1
14 72 2
14 73 1
14 74 1
14 75 0
14 76 3
14 77 2
14 78 0
14 79 1
14 80 0
14 81 3
14 82 2
14 83 2
14 84 3
14 85 0
14 86 3
14 87 0
14 88 3
14 89 2
14 90 2
14 91 2
14 92 2
14 93 2
14 94 2
14 95 2
14 96 1
14 97 1
14 98 2
14 99 3
14 100 2
14 101 0
14 102 3
14 103 0
14 104 1
14 105 3
14 106 2
14 107 1
14 108 2
14 109 2
14 110 2
14 111 1
14 112 1
14 113 2
14 114 1
14 115 1
14 116 1
14 117 3
14 118 2
14 119 2
14 120 3
14 121 2
14 122 2
14 123 1
14 124 1
14 125 1
14 126 1
14 127 2
15 0 0
15 1 3
15 2 2
15 3 0
15 4 2
15 5 1
15 6 0
15 7 3
15 8 0
15 9 3
15 10 2
15 11 0
15 12 1
15 13 1
15 14 3
15 15 2
15 16 2
15 17 2
15 18 1
15 19 2
15 20 2
15 21 3
15 22 0
15 23 3
15 24 0
15 25 3
15 26 2
15 27 0
15 28 1
15 29 3
15 30 1
15 31 0
15 32 1
15 33 1
15 34 2
15 35 1
15 36 2
15 37 1
15 38 1
15 39 0
15 40 1
15 41 3
15 42 0
15 43 3
15 44 0
15 45 3
15 46 1
15 47 1
15 48 0
15 49 3
15 50 2
15 51 2
15 52 1
15 53 1
15 54 1
15 55 2
15 56 0
15 57 1
15 58 2
15 59 1
15 60 3
15 61 2
15 62 3
15 63 2
15 64 2
15 65 2
15 66 1
15 67 0
15 68 1
15 69 3
15 70 2
15 71 2
15 72 0
15 73 3
15 74 0
15 75 3
15 76 0
15 77 3
15 78 2
15 79 1
15 80 3
15 81 1
15 82 2
15 83 1
15 84 1
15 85 1
15 86 2
15 87 1
15 88 2
15 89 0
15 90 3
15 91 2
15 92 1
15 93 2
15 94 2
15 95 2
15 96 0
15 97 1
15 98 3
15 99 0
15 100 2
15 101 2
15 102 1
15 103 2
15 104 0
15 105 1
15 106 3
15 107 2
15 108 2
15 109 3
15 110 0
15 111 1
15 112 2
15 113 0
15 114 1
15 115 1
15 116 1
15 117 1
15 118 2
15 119 0
15 120 1
15 121 3
15 122 2
15 123 1
15 124 1
15 125 1
15 126 2
15 127 2
16 0 2
16 1 1
16 2 3
16 3 3
16 4 0
16 5 3
16 6 2
16 7 1
16 8 3
16 9 0
16 10 3
16 11 2
16 12 1
16 13 0
16 14 1
16 15 2
16 16 2
16 17 0
16 18 3
16 19 2
16 20 1
16 21 2
16 22 3
16 23 0
16 24 1
16 25 1
16 26 3
16 27 2
16 28 1
16 29 1
16 30 2
16 31 3
16 32 2
16 33 1
16 34 1
16 35 2
16 36 2
16 37 1
16 38 2
16 39 0
16 40 1
16 41 2
16 42 3
16 43 0
16 44 3
16 45 1
16 46 1
16 47 2
16 48 2
16 49 0
16 50 2
16 51 1
16 52 0
16 53 1
16 54 2
16 55 3
16 56 2
16 57 2
16 58 1
16 59 1
16 60 0
16 61 1
16 62 0
16 63 3
16 64 2
16 65 1
16 66 2
16 67 2
16 68 1
16 69 1
16 70 2
16 71 2
16 72 1
16 73 1
16 74 3
16 75 0
16 76 3
16 77 0
16 78 1
16 79 1
16 80 1
16 81 1
16 82 1
16 83 1
16 84 1
16 85 2
16 86 1
16 87 2
16 88 2
16 89 2
16 90 1
16 91 1
16 92 2
16 93 2
16 94 0
16 95 3
16 96 2
16 97 0
16 98 1
16 99 2
16 100 2
16 101 1
16 102 3
16 103 2
16 104 0
16 105 1
16 106 2
16 107 2
16 108 1
16 109 1
16 110 2
16 111 2
16 112 3
16 113 2
16 114 0
16 115 1
16 116 1
16 117 2
16 118 3
16 119 2
16 120 1
16 121 1
16 122 0
16 123 1
16 124 1
16 125 1
16 126 3
16 127 2
17 0 0
17 1 1
17 2 1
17 3 0
17 4 3
17 5 0
17 6 1
17 7 1
17 8 0
17 9 3
17 10 1
17 11 1
17 12 2
17 13 2
17 14 1
17 15 2
17 16 3
17 17 2
17 18 1
17 19 1
17 20 3
17 21 0
17 22 1
17 23 3
17 24 0
17 25 1
17 26 1
17 27 1
17 28 1
17 29 1
17 30 2
17 31 0
17 32 1
17 33 2
17 34 2
17 35 2
17 36 0
17 37 3
17 38 2
17 39 3
17 40 2
17 41 1
17 42 0
17 43 1
17 44 1
17 45 1
17 46 2
17 47 2
17 48 3
17 49 2
17 50 1
17 51 2
17 52 1
17 53 2
17 54 1
17 55 3
17 56 2
17 57 1
17 58 1
17 59 2
17 60 3
17 61 2
17 62 1
17 63 1
17 64 1
17 65 2
17 66 3
17 67 2
17 68 0
17 69 1
17 70 3
17 71 0
17 72 1
17 73 0
17 74 1
17 75 3
17 76 2
17 77 3
17 78 0
17 79 1
17 80 1
17 81 1
17 82 0
17 83 1
17 84 2
17 85 0
17 86 3
17 87 2
17 88 2
17 89 1
17 90 2
17 91 2
17 92 2
17 93 2
17 94 2
17 95 1
17 96 3
17 97 2
17 98 2
17 99 2
17 100 1
17 101 1
17 102 0
17 103 3
17 104 3
17 105 2
17 106 0
17 107 1
17 108 2
17 109 2
17 110 2
17 111 0
17 112 1
17 113 3
17 114 2
17 115 0
17 116 3
17 117 0
17 118 1
17 119 0
17 120 1
17 121 3
17 122 2
17 123 0
17 124 1
17 125 1
17 126 0
17 127 2
18 0 2
18 1 1
18 2 2
18 3 3
18 4 0
18 5 3
18 6 1
18 7 2
18 8 1
18 9 1
18 10 1
18 11 1
18 12 2
18 13 0
18 14 3
18 15 1
18 16 1
18 17 0
18 18 1
18 19 1
18 20 1
18 21 3
18 22 0
18 23 0
18 24 3
18 25 2
18 26 0
18 27 1
18 28 1
18 29 2
18 30 1
18 31 3
18 32 2
18 33 1
18 34 3
18 35 2
18 36 1
18 37 1
18 38 1
18 39 1
18 40 1
18 41 3
18 42 0
18 43 3
18 44 0
18 45 2
18 46 1
18 47 2
18 48 0
18 49 3
18 50 2
18 51 1
18 52 2
18 53 1
18 54 2
18 55 1
18 56 1
18 57 0
18 58 3
18 59 0
18 60 0
18 61 1
18 62 1
18 63 1
18 64 3
18 65 1
18 66 0
18 67 1
18 68 3
18 69 0
18 70 1
18 71 2
18 72 2
18 73 2
18 74 0
18 75 1
18 76 1
18 77 0
18 78 3
18 79 1
18 80 1
18 81 2
18 82 3
18 83 2
18 84 2
18 85 2
18 86 1
18 87 2
18 88 1
18 89 2
18 90 3
18 91 0
18 92 3
18 93 2
18 94 2
18 95 0
18 96 1
18 97 3
18 98 2
18 99 3
18 100 0
18 101 3
18 102 2
18 103 1
18 104 0
18 105 2
18 106 2
18 107 2
18 108 1
18 109 3
18 110 2
18 111 2
18 112 0
18 113 2
18 114 2
18 115 2
18 116 0
18 117 2
18 118 2
18 119 2
18 120 1
18 121 1
18 122 3
18 123 2
18 124 2
18 125 2
18 126 3
18 127 2
19 0 2
19 1 2
19 2 1
19 3 1
19 4 2
19 5 0
19 6 1
19 7 1
19 8 0
19 9 1
19 10 1
19 11 2
19 12 2
19 13 2
19 14 0
19 15 1
19 16 2
19 17 1
19 18 2
19 19 1
19 20 1
19 21 2
19 22 2
19 23 3
19 24 0
19 25 3
19 26 2
19 27 1
19 28 2
19 29 1
19 30 1
19 31 1
19 32 0
19 33 1
19 34 2
19 35 0
19 36 1
19 37 1
19 38 1
19 39 1
19 40 0
19 41 1
19 42 2
19 43 1
19 44 2
19 45 1
19 46 3
19 47 2
19 48 3
19 49 0